0.360177  0.268656  0.263030  0.277743  0.294742  0.305600  0.297244  0.358550  
0.364957  0.271800  0.263004  0.278242  0.295323  0.306581  0.300037  0.366050  
0.365509  0.271783  0.262398  0.278245  0.295337  0.306684  0.300310  0.366546  
0.365954  0.271668  0.261855  0.278233  0.295329  0.306708  0.300374  0.366763  
0.366354  0.271490  0.261472  0.278216  0.295307  0.306715  0.300364  0.366869  
0.366717  0.271238  0.261128  0.278196  0.295269  0.306700  0.300241  0.366814  
0.367045  0.270901  0.260825  0.278172  0.295215  0.306656  0.299945  0.366461  
0.367341  0.270503  0.260555  0.278144  0.295148  0.306578  0.299427  0.365633  
0.367609  0.212243  0.263441  0.277428  0.294953  0.305982  0.297104  0.359600  
0.367852  0.250248  0.262123  0.277682  0.294979  0.306112  0.297918  0.361716  
0.271865  0.252808  0.261362  0.277549  0.294931  0.306170  0.297501  0.361384  
0.261889  0.255858  0.260860  0.277405  0.294913  0.306092  0.296979  0.357962  
0.193939  0.256495  0.260554  0.277275  0.294895  0.306176  0.296508  0.356603  
0.180536  0.246922  0.260510  0.277149  0.294883  0.306148  0.296158  0.354440  
0.182223  0.227849  0.261556  0.276450  0.294834  0.305556  0.294996  0.350448  
0.183911  0.191973  0.214753  0.276402  0.294815  0.304885  0.294849  0.350519  
0.185414  0.186291  0.211584  0.276418  0.294750  0.305507  0.294484  0.348004  
0.186238  0.207648  0.212070  0.276418  0.294763  0.305579  0.294624  0.348316  
0.187047  0.211284  0.193519  0.257264  0.294770  0.304895  0.294399  0.346307  
0.187940  0.207697  0.155732  0.251052  0.294786  0.304943  0.295166  0.346129  
0.188483  0.203021  0.093892  0.223818  0.284469  0.304617  0.294691  0.152531  
0.188920  0.201457  0.062690  0.193166  0.266585  0.304603  0.294150  0.134387  
0.189309  0.201153  0.065697  0.093306  0.242278  0.268628  0.294331  0.134964  
0.189619  0.201673  0.066749  0.037559  0.190543  0.248871  0.236440  0.146175  
0.189897  0.202158  0.068654  0.035266  0.127412  0.237838  0.210702  0.073868  
0.190149  0.202683  0.069524  0.031952  0.036560  0.082067  0.082597  0.060001  
0.190376  0.203058  0.070187  0.031562  0.033891  0.056981  0.062735  0.071211  
0.190582  0.203418  0.070763  0.032233  0.028999  0.029565  0.043177  0.076711  
0.190768  0.203745  0.071382  0.032455  0.026964  0.027000  0.046045  0.082331  
0.190936  0.204040  0.071821  0.026662  0.021182  0.017956  0.023645  0.088120  
0.191089  0.204308  0.072216  0.027143  0.022061  0.015256  0.034511  0.102430  
0.191226  0.204549  0.072581  0.027765  0.016052  0.016770  0.030867  0.099117  
0.191351  0.204768  0.072909  0.028197  0.016568  0.020526  0.037711  0.038314  
0.191463  0.204966  0.073207  0.028571  0.017046  0.025564  0.044311  0.041787  
0.191565  0.205145  0.073475  0.028909  0.017578  0.026388  0.046815  0.058914  
0.191657  0.205306  0.073718  0.029287  0.018109  0.026929  0.047218  0.069910  
0.191741  0.205453  0.073938  0.029581  0.018469  0.027513  0.050114  0.067133  
0.191816  0.205585  0.074137  0.029832  0.018794  0.027988  0.052919  0.071729  
0.191884  0.205705  0.074317  0.030058  0.019089  0.028390  0.053802  0.075693  
0.191946  0.205813  0.074480  0.030264  0.019355  0.028736  0.054369  0.076352  
0.192001  0.205911  0.074627  0.030449  0.019595  0.029045  0.054779  0.066345  
0.192052  0.205999  0.074760  0.030617  0.019813  0.029319  0.055097  0.062985  
0.192097  0.206079  0.074880  0.030769  0.020009  0.029570  0.055501  0.060331  
0.192138  0.206152  0.074989  0.030906  0.020187  0.029787  0.055750  0.043655  
0.192176  0.206217  0.075087  0.031030  0.020348  0.029989  0.056197  0.030393  
0.192209  0.206276  0.075176  0.031142  0.020493  0.030181  0.056467  0.027906  
0.192240  0.206330  0.075257  0.031244  0.020625  0.030341  0.056545  0.026468  
0.192267  0.206378  0.075330  0.031336  0.020743  0.030487  0.056785  0.025002  
0.192292  0.206422  0.075395  0.031419  0.020851  0.030626  0.056912  0.020809  
0.192315  0.206462  0.075455  0.031494  0.020948  0.030748  0.057365  0.025665  
0.192335  0.206497  0.075509  0.031562  0.021036  0.030853  0.057512  0.028606  
0.192354  0.206530  0.075557  0.031623  0.021116  0.030953  0.055784  0.029334  
0.192370  0.206559  0.075601  0.031679  0.021188  0.031047  0.056043  0.036935  
0.192385  0.206586  0.075641  0.031729  0.021253  0.031132  0.056219  0.036312  
0.192399  0.206610  0.075677  0.031774  0.021312  0.031209  0.056270  0.032448  
0.192411  0.206631  0.075710  0.031815  0.021365  0.031272  0.056369  0.020690  
0.192423  0.206651  0.075739  0.031852  0.021413  0.031327  0.053754  0.023058  
0.192433  0.206668  0.075766  0.031886  0.021457  0.031379  0.053815  0.022637  
0.192442  0.206684  0.075790  0.031917  0.021496  0.031427  0.048733  0.021566  
0.192450  0.206699  0.075812  0.031944  0.021532  0.031470  0.045865  0.022771  
0.192458  0.206712  0.075832  0.031969  0.021564  0.031520  0.046029  0.020479  
0.192464  0.206724  0.075849  0.031991  0.021593  0.031559  0.046121  0.019384  
0.192470  0.206735  0.075866  0.032012  0.021619  0.031586  0.041981  0.010071  
0.192476  0.206744  0.075880  0.032030  0.021643  0.031624  0.042091  0.006751  
0.192481  0.206753  0.075893  0.032047  0.021665  0.031646  0.042112  0.011057  
0.192485  0.206761  0.075905  0.032062  0.021684  0.031674  0.042213  0.008451  
0.192490  0.206768  0.075916  0.032075  0.021702  0.031694  0.042353  0.006737  
0.192493  0.206775  0.075926  0.032088  0.021718  0.031717  0.038637  0.008436  
0.192497  0.206781  0.075935  0.032099  0.021732  0.031738  0.038744  0.009039  
0.192500  0.206786  0.075943  0.032109  0.021745  0.031749  0.033854  0.011779  
0.192502  0.206791  0.075950  0.032118  0.021757  0.031767  0.033884  0.008072  
0.192505  0.206795  0.075956  0.032126  0.021768  0.031778  0.033894  0.010980  
0.192507  0.206799  0.075962  0.032134  0.021777  0.031793  0.034010  0.004574  
0.192509  0.206803  0.075968  0.032140  0.021786  0.031807  0.034086  0.008775  
0.192511  0.206806  0.075972  0.032146  0.021794  0.031815  0.031540  0.011838  
0.192513  0.206809  0.075977  0.032152  0.021801  0.031824  0.029589  0.009188  
0.192514  0.206811  0.075981  0.032157  0.021808  0.031830  0.028156  0.011790  
0.192515  0.206814  0.075984  0.032161  0.021814  0.031841  0.028267  0.011438  
0.192517  0.206816  0.075987  0.032165  0.021819  0.031846  0.028327  0.006692  
0.192518  0.206818  0.075990  0.032169  0.021824  0.031855  0.028361  0.007043  
0.192519  0.206819  0.075993  0.032172  0.021828  0.031860  0.026158  0.013495  
0.192520  0.206821  0.075995  0.032175  0.021832  0.031861  0.024358  0.021713  
0.192520  0.206823  0.075998  0.032178  0.021835  0.031866  0.022002  0.019466  
0.192521  0.206824  0.076000  0.032181  0.021838  0.031867  0.021387  0.017881  
0.192522  0.206825  0.076001  0.032183  0.021841  0.031873  0.021304  0.011628  
0.192522  0.206826  0.076003  0.032185  0.021844  0.031881  0.020448  0.013679  
0.192523  0.206827  0.076004  0.032187  0.021846  0.031882  0.020440  0.016730  
0.192523  0.206828  0.076006  0.032188  0.021848  0.031884  0.019479  0.020014  
0.192524  0.206829  0.076007  0.032190  0.021850  0.031885  0.018715  0.020157  
0.192524  0.206829  0.076008  0.032191  0.021852  0.031888  0.018678  0.015911  
0.192525  0.206830  0.076009  0.032192  0.021853  0.031883  0.018728  0.016321  
0.192525  0.206831  0.076010  0.032194  0.021855  0.031892  0.017801  0.019342  
0.192525  0.206831  0.076011  0.032195  0.021856  0.031897  0.017831  0.013961  
0.192526  0.206832  0.076011  0.032195  0.021858  0.031896  0.017729  0.014703  
0.192526  0.206832  0.076012  0.032196  0.021859  0.031897  0.017453  0.018047  
0.192526  0.206832  0.076012  0.032197  0.021860  0.031897  0.016855  0.017425  
0.192526  0.206833  0.076013  0.032198  0.021860  0.031900  0.016678  0.016761  
0.192526  0.206833  0.076013  0.032198  0.021861  0.031901  0.016550  0.016673  
0.192527  0.206833  0.076014  0.032199  0.021862  0.031901  0.016311  0.021142  
0.192527  0.206834  0.076014  0.032199  0.021863  0.031903  0.016335  0.017564  
0.192527  0.206834  0.076015  0.032200  0.021863  0.031900  0.016212  0.024731  
0.192527  0.206834  0.076015  0.032200  0.021864  0.031903  0.016175  0.020448  
0.192527  0.206834  0.076015  0.032201  0.021864  0.031902  0.016161  0.018836  
0.192527  0.206834  0.076016  0.032201  0.021865  0.031906  0.015990  0.019583  
0.192527  0.206835  0.076016  0.032201  0.021865  0.031905  0.015995  0.016481  
0.192527  0.206835  0.076016  0.032201  0.021865  0.031903  0.015871  0.022521  
0.192527  0.206835  0.076016  0.032202  0.021866  0.031905  0.015864  0.027099  
0.192528  0.206835  0.076016  0.032202  0.021866  0.031903  0.015823  0.029105  
0.192528  0.206835  0.076016  0.032202  0.021866  0.031905  0.015798  0.026333  
0.192528  0.206835  0.076017  0.032202  0.021866  0.031906  0.015799  0.027203  
0.192528  0.206835  0.076017  0.032202  0.021867  0.031909  0.015809  0.021272  
0.192528  0.206835  0.076017  0.032203  0.021867  0.031903  0.015849  0.019417  
0.192528  0.206835  0.076017  0.032203  0.021867  0.031903  0.015816  0.018936  
0.192528  0.206835  0.076017  0.032203  0.021867  0.031903  0.015770  0.018949  
0.192528  0.206836  0.076017  0.032203  0.021867  0.031900  0.015764  0.017972  
0.192528  0.206836  0.076017  0.032203  0.021867  0.031906  0.015756  0.016701  
0.192528  0.206836  0.076017  0.032203  0.021868  0.031904  0.015772  0.013297  
0.192528  0.206836  0.076017  0.032203  0.021868  0.031905  0.015771  0.012231  
0.192528  0.206836  0.076017  0.032203  0.021868  0.031906  0.015766  0.012425  
0.192528  0.206836  0.076017  0.032203  0.021868  0.031903  0.015781  0.012352  
0.192528  0.206836  0.076018  0.032203  0.021868  0.031903  0.015699  0.019115  
0.192528  0.206836  0.076018  0.032203  0.021868  0.031904  0.015684  0.016820  
0.192528  0.206836  0.076018  0.032203  0.021868  0.031904  0.015727  0.019559  
0.192528  0.206836  0.076018  0.032204  0.021868  0.031904  0.015698  0.022053  
0.192528  0.206836  0.076018  0.032204  0.021868  0.031902  0.015681  0.013875  
0.192528  0.206836  0.076018  0.032204  0.021868  0.031902  0.015689  0.018270  
0.192528  0.206836  0.076018  0.032204  0.021868  0.031896  0.015626  0.013690  
0.192528  0.206836  0.076018  0.032204  0.021868  0.031901  0.015654  0.022964  
0.192528  0.206836  0.076018  0.032204  0.021868  0.031899  0.015679  0.025190  
0.192528  0.206836  0.076018  0.032204  0.021868  0.031896  0.015777  0.032048  
0.192528  0.206836  0.076018  0.032204  0.021868  0.031895  0.015702  0.032970  
0.192528  0.206836  0.076018  0.032204  0.021868  0.031890  0.015675  0.030853  
0.192528  0.206836  0.076018  0.032204  0.021868  0.031889  0.015644  0.030805  
0.192528  0.206836  0.076018  0.032204  0.021868  0.031890  0.015676  0.027902  
0.192528  0.206836  0.076018  0.032204  0.021868  0.031887  0.015694  0.025761  
0.192528  0.206836  0.076018  0.032204  0.021868  0.031882  0.015710  0.028369  
0.192528  0.206836  0.076018  0.032204  0.021868  0.031876  0.015748  0.022537  
0.192528  0.206836  0.076018  0.032204  0.021868  0.031874  0.015770  0.022968  
0.192528  0.206836  0.076018  0.032204  0.021868  0.031867  0.015845  0.019611  
0.192528  0.206836  0.076018  0.032204  0.021868  0.031860  0.015783  0.024425  
0.192528  0.206836  0.076018  0.032204  0.021867  0.031853  0.015784  0.026936  
0.192528  0.206836  0.076018  0.032204  0.021867  0.031846  0.015723  0.030830  
0.192528  0.206836  0.076018  0.032204  0.021866  0.031828  0.015680  0.026232  
0.192528  0.206836  0.076017  0.032204  0.021863  0.031734  0.016327  0.020356  
0.192528  0.206836  0.076017  0.032204  0.022131  0.032395  0.026360  0.043159  
0.192528  0.206836  0.076017  0.032204  0.022275  0.033229  0.019146  0.052300  
0.192528  0.206836  0.076017  0.032349  0.022287  0.032640  0.014635  0.055528  
0.192528  0.206836  0.076016  0.031664  0.024335  0.030235  0.020815  0.064787  
0.192528  0.206836  0.076016  0.031741  0.024524  0.029679  0.026479  0.056475  
0.192528  0.206836  0.071260  0.034557  0.023689  0.029425  0.023056  0.066016  
--------------------------------------------------------------

